0 0.4921875 0.3453125 0.1953125 0.340625
0 0.82578125 0.3265625 0.18828125 0.24375
0 0.22265625 0.19375 0.1484375 0.23046875
0 0.0671875 0.434375 0.134375 0.19140625
0 0.20703125 0.5484375 0.17578125 0.26796875
0 0.35 0.453125 0.14296875 0.203125
0 0.21015625 0.54765625 0.17890625 0.28828125
0 0.628125 0.2015625 0.16796875 0.2140625
0 0.7953125 0.5609375 0.178125 0.259375
0 0.940625 0.5078125 0.11875 0.24140625
0 0.0609375 0.69375 0.121875 0.31953125
0 0.06171875 0.4234375 0.1171875 0.1734375
0 0.19375 0.3609375 0.14375 0.20859375
0 0.33046875 0.3 0.15078125 0.21640625
0 0.9125 0.77578125 0.07578125 0.278125
0 0.78125 0.76328125 0.15859375 0.1546875
0 0.5578125 0.575 0.2359375 0.23359375
0 0.39296875 0.66015625 0.175 0.228125
0 0.1765625 0.79453125 0.20625 0.22421875